00 000538
00 000539
00 000540
00 000541
00 000542
00 000543
00 000544
00 000545
00 000546
00 000547
00 000548
00 000549
00 000550
00 000551
00 000552
00 000553
00 000554
00 000555
00 000556
00 000557
00 000558
00 000559
01 000209
01 000210
01 000211
01 000212
01 000213
01 000216
01 000217
01 000218
01 000220
01 000221
01 000222
01 000223
01 000225
01 000226
01 000227
01 000228
01 000229
01 000230
01 000231
01 000232
01 000233
01 000247
01 000248
01 000249
01 000250
01 000251
01 000252
01 000253
01 000254
01 000255
01 000256
01 000257
01 000258
01 000259
01 000260
01 000261
01 000262
01 000263
01 000264
01 000265
01 000266
01 000267
01 000268
01 000269
01 000270
01 000271
01 000272
01 000273
01 000274
01 000275
01 000276
01 000277
01 000278
01 000279
01 000280
01 000281
01 000282
01 000283
01 000284
01 000285
01 000286
01 000287
01 000288
01 000289
01 000290
01 000291
01 000292
01 000293
01 000294
01 000295
01 000296
01 000297
01 000298
01 000299
01 000300
01 000301
01 000302
01 000303
01 000304
01 000305
01 000306
01 000307
01 000308
01 000309
01 000310
01 000311
01 000312
01 000313
01 000314
01 000315
01 000316
01 000317
01 000318
01 000319
01 000320
01 000321
01 000322
01 000323
01 000324
01 000325
01 000326
01 000327
01 000328
01 000329
01 000330
01 000331
01 000332
01 000333
01 000334
01 000335
01 000336
01 000337
01 000338
01 000339
01 000340
01 000341
01 000342
01 000343
01 000344
01 000345
01 000346
01 000347
01 000348
01 000349
01 000350
01 000351
01 000352
01 000353
01 000354
01 000355
01 000356
01 000357
01 000358
01 000359
01 000360
01 000361
01 000362
01 000363
01 000364
01 000365
01 000366
01 000371
01 000372
01 000373
01 000374
01 000375
01 000376
01 000377
01 000378
01 000379
01 000380
01 000381
01 000382
01 000383
01 000384
01 000385
01 000386
01 000387
01 000388
01 000389
01 000390
01 000391
01 000392
01 000393
01 000394
01 000395
01 000396
01 000397
01 000398
01 000399
01 000400
01 000401
01 000402
01 000403
01 000404
01 000405
01 000406
01 000407
01 000408
01 000409
01 000410
01 000411
01 000412
01 000413
01 000414
01 000415
01 000416
01 000417
01 000418
01 000419
01 000420
01 000421
01 000422
01 000423
01 000424
01 000425
01 000426
01 000427
01 000428
01 000429
01 000430
01 000431
01 000432
01 000433
01 000434
01 000435
01 000436
01 000437
01 000438
01 000439
01 000440
01 000441
01 000442
01 000443
01 000444
01 000445
01 000446
01 000447
01 000448
01 000449
01 000450
01 000451
01 000452
01 000453
01 000454
01 000455
01 000456
01 000457
01 000458
01 000459
01 000460
01 000461
01 000462
01 000463
01 000464
01 000465
01 000466
01 000467
01 000468
01 000469
01 000470
01 000471
01 000472
01 000473
01 000474
01 000475
01 000476
01 000477
01 000478
01 000481
01 000482
01 000483
01 000484
01 000485
01 000486
01 000487
01 000488
01 000489
01 000490
01 000491
01 000492
01 000493
01 000494
01 000495
01 000496
01 000497
01 000499
01 000500
01 000501
01 000502
01 000503
01 000504
01 000505
01 000506
01 000507
01 000508
01 000509
01 000510
01 000511
01 000512
01 000513
01 000514
01 000515
01 000516
01 000517
01 000518
01 000519
01 000520
01 000521
01 000522
01 000523
01 000527
01 000528
01 000675
01 000676
01 000677
01 000678
01 000679
01 000680
01 000681
01 000682
01 000683
01 000684
01 000685
01 000686
01 000687
01 000688
01 000689
01 000690
01 000691
01 000692
01 000698
01 000742
01 000743
01 000744
01 000745
01 000746
01 000747
01 000748
01 000750
01 000753
01 000754
01 000755
01 000756
01 000757
01 000758
01 000759
01 000760
01 000761
01 000762
01 000763
01 000764
01 000765
01 000766
01 000767
01 000768
01 000769
01 000770
01 000771
01 000772
01 000773
01 000774
01 000775
01 000776
01 000777
01 000785
01 000786
01 001076
01 001077
01 001078
01 001079
01 001080
01 001081
01 001082
01 001083
01 001084
01 001086
01 001087
01 001088
01 001089
01 001090
01 001091
01 001093
01 001094
01 001095
01 001096
01 001098
05 002326
05 002327
05 002328
05 002330
05 002331
05 002332
05 002333
05 002334
05 002335
05 002336
05 002337
05 002338
05 002339
05 002340
05 002341
05 002342
05 002343
05 002344
05 002345
05 002346
05 002347
05 002348
05 002349
05 002350
05 002351
05 002352
05 002353
05 002354
05 002355
05 002356
05 002357
05 002358
05 002359
05 002360
05 002361
05 002362
05 002363
05 002364
05 002365
05 002366
05 002367
05 002368
05 002369
05 002370
05 002371
05 002372
05 002373
05 002374
05 002375
05 002376
05 002377
05 002378
05 002379
05 002380
05 002381
05 002382
05 002383
05 002384
05 002385
05 002386
05 002387
05 002388
05 002389
05 002390
05 002391
05 002392
05 002393
05 002394
05 002395
05 002396
07 000661
07 000662
07 000663
07 000664
07 000665
07 000666
07 000667
07 000668
07 000669
07 000670
07 000671
07 000672
07 000673
07 000674
07 000675
07 000676
07 000677
07 000678
07 000679
07 000680
07 000681
07 000682
07 000683
07 000684
07 000685
07 000686
07 000687
07 000688
07 000689
07 000690
07 000691
07 000692
07 000693
07 000694
07 000695
07 000696
07 000697
07 000698
07 000699
07 000700
07 000701
07 000702
07 000703
07 000704
07 000705
07 000706
07 000707
07 000708
07 000709
07 000710
07 000711
07 000712
07 000713
07 000714
07 000715
07 000716
07 000717
07 000718
07 000719
07 001090
07 001091
07 001092
07 001093
07 001095
07 001096
07 001097
07 001098
07 001099
08 004004
08 004005
08 004008
08 004009
08 004010
08 004011
08 004012
08 004013
08 004014
08 004015
08 004016
08 004017
08 004018
08 004019
08 004020
08 004021
08 004022
08 004023
10 001151
10 001152
10 001153
10 001154
10 001155
10 001156
10 001157
10 001158
10 001159
10 001160
10 001161
10 001162
10 001163
10 001164
10 001165
10 001166
10 001167
10 001168
10 001169
10 001170
10 001171
10 001172
10 001173
10 001174
10 001175
12 001013
12 001014
12 001015
12 001016
12 001017
12 001018
12 001019
12 001020
12 001021
12 001022
12 001023
12 001024
12 001025
12 001026
12 001027
12 001028
12 001029
12 001030
12 001031
12 001032
12 001033
12 001034
12 001035
12 001036
12 001037
12 001038
12 001039
12 001040
12 001041
12 001042
12 001043
12 001044
12 001045
12 001046
12 001047
12 001048
12 001049
12 001050
12 001051
12 001052
12 001053
12 001054
12 001055
12 001056
12 001057
12 001058
12 001059
19 002075
19 002076
19 002077
19 002078
19 002079
19 002080
19 002081
19 002082
19 002083
19 002084
19 002085
19 002086
19 002087
19 002088
19 002089
19 002090
19 002091
19 002092
19 002093
19 002094
19 002095
19 002096
19 002097
19 002098
19 002984
19 002985
19 002986
19 002987
20 000010
20 000011
20 000012
20 000013
20 000014
20 000015
20 000016
20 000017
20 000018
20 000019
20 000020
20 000021
20 000022
20 000023
20 000024
20 000025
20 000026
20 000027
20 000028
20 000029
20 000030
20 000031
20 000032
20 000033
20 000034
20 000035
20 000036
20 000037
20 000038
20 000039
20 000040
20 000041
20 000042
20 000043
20 000044
20 000045
20 000046
20 000047
20 000048
20 000049
20 000050
20 000051
20 000055
20 000102
20 000103
20 000104
20 000105
20 000532
20 000533
20 000538
20 000539
20 000540
20 000541
20 000542
20 000543
20 000544
20 000545
20 000546
20 000547
20 000548
20 000549
20 000550
20 000551
20 000552
20 000553
20 000554
20 000555
20 000556
20 000557
20 000558
20 000559
20 000560
20 000561
20 000562
20 000563
20 000564
20 000565
20 000566
20 000567
20 000568
20 000569
20 000570
20 000571
20 000572
20 000573
20 000574
20 000575
20 000580
20 000581
20 000582
20 000583
20 000584
20 000585
20 000586
20 000587
20 000588
20 000589
20 000590
20 000591
20 000592
20 000599
20 000600
20 000601
20 000602
20 000605
20 000608
20 000609
20 000610
20 000611
20 000612
20 000613
20 000614
20 000615
20 000616
20 000617
20 000618
20 000619
20 000620
20 000745
20 000746
20 000747
20 000754
20 000782
20 000783
20 000784
20 000785
20 000786
20 000787
20 000788
20 000789
20 000790
20 000791
20 000792
20 000793
20 000794
20 000795
20 000796
20 000797
20 000798
20 000799
20 000800
20 000801
20 000802
20 000803
20 000804
20 000805
20 000806
20 000807
20 000808
20 000809
20 000810
20 000811
20 000812
20 000813
20 000814
20 000815
20 000816
20 000817
20 000818
20 000819
20 000820
20 000821
20 000822
20 000823
20 000824
20 000825
20 000826
20 000827
20 000828
20 000829
21 000768
21 000769
21 000770
21 000771
21 000776
21 000777
